Connected to Oracle Database 10g Release 10.1.0.3.0 
Connected as coopadap

SQL> 

DAT_MOV1   NF SIT NUM_DOCUMENTO NOM QTD_MOV          VAL_MOV         UNITARIO        QTD_FISICO       VAL_FINAN        VAL_CUSTO 
---------- -- --- ------------- --- ---------------- --------------- --------------- ---------------- --------------- ---------- 
24/08/2005  1 +           50252 2             28,000       14.000,00          500,00           28,000       14.000,00      14000 
24/08/2005  1 +           50268 2             28,000       14.000,00          500,00           56,000       28.000,00      14000 
24/08/2005  1 +           50280 2             28,000       14.000,00          500,00           84,000       42.000,00      14000 
24/08/2005  1 +           50286 2              5,000        3.100,00          506,74           89,000       45.100,00       3100 
24/08/2005  1 +           50291 2             28,000       14.000,00          505,13          117,000       59.100,00      14000 
24/08/2005  1 +          156300 1             28,000       14.000,00          504,14          145,000       73.100,00      14000 
24/08/2005 50 -          224163               28,000       14.896,00          504,14          117,000       58.984,14   14115,86 
24/08/2005 50 -          224167               28,000       14.896,00          504,14           89,000       44.868,28   14115,86 
24/08/2005 50 -          224178               28,000       14.896,00          504,14           61,000       30.752,42   14115,86 
24/08/2005 50 -          224185               28,000       14.896,00          504,14           33,000       16.636,56   14115,86 
24/08/2005 50 -          224191               19,000       10.108,00          504,14           14,000        7.057,93    9578,63 
24/08/2005 50 -          224193                9,000        4.788,00          504,14            5,000        2.520,69    4537,24 
24/08/2005 50 -          224205                5,000        2.660,00            0,00            0,000            0,00    2520,69 
26/08/2005  1 +          156599 1              9,000        4.500,00          500,00            9,000        4.500,00       4500 
26/08/2005  1 +          156629 1             40,000       22.200,00          544,90           49,000       26.700,00      22200 
26/08/2005 50 -          224601                9,000        4.788,00          544,90           40,000       21.795,92    4904,08 
26/08/2005 50 -          224608               40,000       23.640,00            0,00            0,000            0,00   21795,92 
29/08/2005  1 +           50519 1             28,000       15.540,00          555,00           28,000       15.540,00      15540 
29/08/2005  1 +           50633 2             15,000        7.500,00          535,81           43,000       23.040,00       7500 
29/08/2005  1 +          156675 1             28,000       15.540,00          543,38           71,000       38.580,00      15540 

DAT_MOV1   NF SIT NUM_DOCUMENTO NOM QTD_MOV          VAL_MOV         UNITARIO        QTD_FISICO       VAL_FINAN        VAL_CUSTO 
---------- -- --- ------------- --- ---------------- --------------- --------------- ---------------- --------------- ---------- 
29/08/2005  1 +          156724 1             15,000        8.325,00          545,41           86,000       46.905,00       8325 
29/08/2005  1 +          156755 1             13,000        7.215,00          546,67           99,000       54.120,00       7215 
29/08/2005  1 +          156765 1             28,000       15.540,00          548,50          127,000       69.660,00      15540 
29/08/2005  1 +          156809 1             28,000       15.540,00          549,68          155,000       85.200,00      15540 
29/08/2005  1 +          156852 1             28,000       15.540,00          550,49          183,000      100.740,00      15540 
29/08/2005  1 +          156858 1             28,000       15.540,00          551,09          211,000      116.280,00      15540 
29/08/2005  1 +          156863 1             28,000       15.540,00          551,55          239,000      131.820,00      15540 
29/08/2005  1 +          156871 1             28,000       15.540,00          551,91          267,000      147.360,00      15540 
29/08/2005  1 +          156872 1             40,000       22.200,00          552,31          307,000      169.560,00      22200 
29/08/2005  1 +          156887 1             28,000       15.540,00          552,54          335,000      185.100,00      15540 
29/08/2005  1 +          156915 1             28,000       15.540,00          552,73          363,000      200.640,00      15540 
29/08/2005 50 -          224717               13,000        7.683,00          552,73          350,000      193.454,55    7185,45 
29/08/2005 50 -          224719               15,000        8.865,00          552,73          335,000      185.163,64    8290,91 
29/08/2005 50 -          224721                3,500        2.068,50          552,73          331,500      183.229,09    1934,55 
29/08/2005 50 -          224722               24,500       14.479,50          552,73          307,000      169.687,27   13541,82 
29/08/2005 50 -          224723                0,700          413,70          552,73          306,300      169.300,36     386,91 
29/08/2005 50 -          224725               27,300       16.134,30          552,73          279,000      154.210,91   15089,45 
29/08/2005 50 -          224730               20,000       10.640,00          552,73          259,000      143.156,36   11054,55 
29/08/2005 50 -          224731                8,000        4.256,00          552,73          251,000      138.734,54    4421,82 
29/08/2005 50 -          224732               28,000       14.896,00          552,73          223,000      123.258,18   15476,36 
29/08/2005 50 -          224736               40,000       23.640,00          552,73          183,000      101.149,09   22109,09 

DAT_MOV1   NF SIT NUM_DOCUMENTO NOM QTD_MOV          VAL_MOV         UNITARIO        QTD_FISICO       VAL_FINAN        VAL_CUSTO 
---------- -- --- ------------- --- ---------------- --------------- --------------- ---------------- --------------- ---------- 
29/08/2005 50 -          224739               28,000       16.548,00          552,73          155,000       85.672,73   15476,36 
29/08/2005 50 -          224740               28,000       16.548,00          552,73          127,000       70.196,37   15476,36 
29/08/2005 50 -          224744               28,000       16.548,00          552,73           99,000       54.720,00   15476,37 
29/08/2005 50 -          224746               28,000       16.548,00          552,73           71,000       39.243,64   15476,36 
29/08/2005 50 -          224760               28,000       16.548,00          552,73           43,000       23.767,27   15476,37 
29/08/2005 50 -          224774               28,000       16.548,00          552,73           15,000        8.290,91   15476,36 
29/08/2005 50 -          224793               15,000        8.865,00            0,00            0,000            0,00    8290,91 
31/08/2005 41 +          157062 1             11,000        5.500,00          500,00           11,000        5.500,00       5500 
31/08/2005 41 +          157063 1             17,000        8.500,00          500,00           28,000       14.000,00       8500 
31/08/2005 41 +          157064 1             28,000       14.000,00          500,00           56,000       28.000,00      14000 
31/08/2005  1 +          157115 1             30,000       16.650,00          519,19           86,000       44.650,00      16650 
31/08/2005  1 +          157172 1             22,000       12.210,00          526,48          108,000       56.860,00      12210 
31/08/2005 41 +          157173 1              8,000        4.000,00          524,66          116,000       60.860,00       4000 
31/08/2005 50 -          225039               28,000       16.548,00          524,66           88,000       46.169,66   14690,34 
31/08/2005 50 -          225048               12,000        7.092,00          524,66           76,000       39.873,80    6295,86 
31/08/2005 50 -          225049               16,000        9.456,00          524,66           60,000       31.479,32    8394,48 
31/08/2005 50 -          225155               60,000       35.460,00            0,00            0,000            0,00   31479,32 
01/09/2005  1 +          157327 1             15,000        8.325,00          555,00           15,000        8.325,00       8325 
01/09/2005 50 -          225281                9,000        5.319,00          555,00            6,000        3.330,00       4995 
01/09/2005 50 -          225282                5,000        2.955,00          555,00            1,000          555,00       2775 
01/09/2005 50 -          225285                1,000          591,00            0,00            0,000            0,00        555 

DAT_MOV1   NF SIT NUM_DOCUMENTO NOM QTD_MOV          VAL_MOV         UNITARIO        QTD_FISICO       VAL_FINAN        VAL_CUSTO 
---------- -- --- ------------- --- ---------------- --------------- --------------- ---------------- --------------- ---------- 
02/09/2005  1 +          157373 1             28,000       15.540,00          555,00           28,000       15.540,00      15540 
02/09/2005  1 +          157374 1             28,000       15.540,00          555,00           56,000       31.080,00      15540 
02/09/2005  1 +          157379 1             28,000       15.540,00          555,00           84,000       46.620,00      15540 
02/09/2005  1 +          157408 1             28,000       15.540,00          555,00          112,000       62.160,00      15540 
02/09/2005  1 +          157409 1             30,000       16.650,00          555,00          142,000       78.810,00      16650 
02/09/2005 50 -          225357               28,000       16.548,00          555,00          114,000       63.270,00      15540 
02/09/2005 50 -          225358               30,000       17.730,00          555,00           84,000       46.620,00      16650 
02/09/2005 50 -          225359               28,000       16.548,00          555,00           56,000       31.080,00      15540 
02/09/2005 50 -          225360               28,000       16.548,00          555,00           28,000       15.540,00      15540 
02/09/2005 50 -          225361               28,000       16.548,00            0,00            0,000            0,00      15540 
05/09/2005  1 +          157497 1             28,000       15.540,00          555,00           28,000       15.540,00      15540 
05/09/2005  1 +          157499 1             28,000       15.540,00          555,00           56,000       31.080,00      15540 
05/09/2005  1 +          157572 1             19,000       10.545,00          555,00           75,000       41.625,00      10545 
05/09/2005  1 +          157573 1              9,000        4.995,00          555,00           84,000       46.620,00       4995 
05/09/2005  1 +          157574 1             28,000       15.540,00          555,00          112,000       62.160,00      15540 
05/09/2005  1 +          157577 1             28,000       15.540,00          555,00          140,000       77.700,00      15540 
05/09/2005  1 +          157580 1             15,000        8.325,00          555,00          155,000       86.025,00       8325 
05/09/2005  1 +          157591 1             28,000       15.540,00          555,00          183,000      101.565,00      15540 
05/09/2005  1 +          157626 1             15,000        8.325,00          555,00          198,000      109.890,00       8325 
05/09/2005 50 -          225585               15,000        8.865,00          555,00          183,000      101.565,00       8325 
05/09/2005 50 -          225586               28,000       16.548,00          555,00          155,000       86.025,00      15540 

DAT_MOV1   NF SIT NUM_DOCUMENTO NOM QTD_MOV          VAL_MOV         UNITARIO        QTD_FISICO       VAL_FINAN        VAL_CUSTO 
---------- -- --- ------------- --- ---------------- --------------- --------------- ---------------- --------------- ---------- 
05/09/2005 50 -          225587               28,000       16.548,00          555,00          127,000       70.485,00      15540 
05/09/2005 50 -          225589               28,000       16.548,00          555,00           99,000       54.945,00      15540 
05/09/2005 50 -          225590               28,000       16.548,00          555,00           71,000       39.405,00      15540 
05/09/2005 50 -          225613               28,000       16.548,00          555,00           43,000       23.865,00      15540 
05/09/2005 50 -          225615                3,000        1.773,00          555,00           40,000       22.200,00       1665 
05/09/2005 50 -          225616               12,000        7.092,00          555,00           28,000       15.540,00       6660 
05/09/2005 50 -          225646               28,000       16.548,00            0,00            0,000            0,00      15540 
08/09/2005  1 +           78330 7             28,000       15.540,00          555,00           28,000       15.540,00      15540 
08/09/2005  1 +          157918 1             28,000       15.540,00          555,00           56,000       31.080,00      15540 
08/09/2005 50 -          225949               26,000       15.366,00          555,00           30,000       16.650,00      14430 
08/09/2005 50 -          225950                2,000        1.182,00          555,00           28,000       15.540,00       1110 
08/09/2005 50 -          225974               28,000       16.548,00            0,00            0,000            0,00      15540 
09/09/2005  1 +          158118 1             28,000       15.540,00          555,00           28,000       15.540,00      15540 
09/09/2005  1 +          158140 1             28,000       15.540,00          555,00           56,000       31.080,00      15540 
09/09/2005  1 +          158168 1             28,000       15.540,00          555,00           84,000       46.620,00      15540 
09/09/2005  1 +          158181 1             28,000       15.540,00          555,00          112,000       62.160,00      15540 
09/09/2005  1 +          158182 1             28,000       15.540,00          555,00          140,000       77.700,00      15540 
09/09/2005  1 +          158191 1             28,000       15.540,00          555,00          168,000       93.240,00      15540 
09/09/2005 50 -          226058               28,000       16.548,00          555,00          140,000       77.700,00      15540 
09/09/2005 50 -          226062               28,000       16.548,00          555,00          112,000       62.160,00      15540 
09/09/2005 50 -          226116                8,000        4.728,00          555,00          104,000       57.720,00       4440 

DAT_MOV1   NF SIT NUM_DOCUMENTO NOM QTD_MOV          VAL_MOV         UNITARIO        QTD_FISICO       VAL_FINAN        VAL_CUSTO 
---------- -- --- ------------- --- ---------------- --------------- --------------- ---------------- --------------- ---------- 
09/09/2005 50 -          226117               20,000       11.820,00          555,00           84,000       46.620,00      11100 
09/09/2005 50 -          226120               28,000       16.548,00          555,00           56,000       31.080,00      15540 
09/09/2005 50 -          226121               28,000       16.548,00          555,00           28,000       15.540,00      15540 
09/09/2005 50 -          226122               28,000       16.548,00            0,00            0,000            0,00      15540 
12/09/2005 41 +           15216 6             21,000       10.500,00          500,00           21,000       10.500,00      10500 
12/09/2005  1 +          158186 1             28,000       15.540,00          531,43           49,000       26.040,00      15540 
12/09/2005  1 +          158252 1             28,000       15.540,00          540,00           77,000       41.580,00      15540 
12/09/2005  1 +          158268 1             28,000       15.540,00          544,00          105,000       57.120,00      15540 
12/09/2005 50 -          226281               28,000       16.548,00          544,00           77,000       41.888,00      15232 
12/09/2005 50 -          226283               10,000        5.910,00          544,00           67,000       36.448,00       5440 
12/09/2005 50 -          226284               18,000       10.638,00          544,00           49,000       26.656,00       9792 
12/09/2005 60 -          226288               21,000       11.172,00          544,00           28,000       15.232,00      11424 
12/09/2005 50 -          226338               17,000       10.047,00          544,00           11,000        5.984,00       9248 
12/09/2005 50 -          226339               11,000        6.501,00            0,00            0,000            0,00       5984 
14/09/2005  1 +          158544 1             28,000       15.540,00          555,00           28,000       15.540,00      15540 
14/09/2005 41 +          158546 1             28,000       14.000,00          527,50           56,000       29.540,00      14000 
14/09/2005 50 -          226656               28,000       14.896,00          527,50           28,000       14.770,00      14770 
14/09/2005 50 -          226668               23,000       13.593,00          527,50            5,000        2.637,50    12132,5 
14/09/2005 50 -          226669                5,000        2.955,00            0,00            0,000            0,00     2637,5 
15/09/2005 41 +          158654 1             28,000       14.000,00          500,00           28,000       14.000,00      14000 
15/09/2005 41 +          158657 1             28,000       14.000,00          500,00           56,000       28.000,00      14000 

DAT_MOV1   NF SIT NUM_DOCUMENTO NOM QTD_MOV          VAL_MOV         UNITARIO        QTD_FISICO       VAL_FINAN        VAL_CUSTO 
---------- -- --- ------------- --- ---------------- --------------- --------------- ---------------- --------------- ---------- 
15/09/2005 50 -          226827               28,000       14.896,00          500,00           28,000       14.000,00      14000 
15/09/2005 50 -          226829               28,000       14.896,00            0,00            0,000            0,00      14000 
19/09/2005 41 +          158964 1             11,000        5.500,00          500,00           11,000        5.500,00       5500 
19/09/2005  1 +          158965 1             17,000        9.435,00          533,39           28,000       14.935,00       9435 
19/09/2005  1 +          159059 1             30,000       16.650,00          544,57           58,000       31.585,00      16650 
19/09/2005  1 +          159060 1             30,000       16.650,00          548,13           88,000       48.235,00      16650 
19/09/2005 50 -          227192               28,000       14.896,00          548,13           60,000       32.887,50    15347,5 
19/09/2005 50 -          227213               30,000       17.730,00          548,13           30,000       16.443,75   16443,75 
19/09/2005 50 -          227221               10,000        5.910,00          548,13           20,000       10.962,50    5481,25 
19/09/2005 50 -          227222               20,000       11.820,00            0,00            0,000            0,00    10962,5 
20/09/2005  1 +          159264 1             28,000       15.540,00          555,00           28,000       15.540,00      15540 
20/09/2005 50 -          227427               28,000       16.548,00            0,00            0,000            0,00      15540 
21/09/2005 41 +           16126 6             64,000       32.000,00          500,00           64,000       32.000,00      32000 
21/09/2005 41 +           16133 6             63,000       31.500,00          500,00          127,000       63.500,00      31500 
21/09/2005  1 +          159343 1              7,000        3.885,00          502,87          134,000       67.385,00       3885 
21/09/2005 50 -          227455                7,000        4.137,00          502,87          127,000       63.864,89    3520,11 
21/09/2005 60 -          227472               63,000       33.516,00          502,87           64,000       32.183,88   31681,01 
21/09/2005 60 -          227473               64,000       34.048,00            0,00            0,000            0,00   32183,88 
22/09/2005  1 +           52167 2             28,000       15.540,00          555,00           28,000       15.540,00      15540 
22/09/2005  1 +           52182 2             28,000       15.540,00          555,00           56,000       31.080,00      15540 
22/09/2005  1 +           52191 2             30,000       16.650,00          555,00           86,000       47.730,00      16650 

DAT_MOV1   NF SIT NUM_DOCUMENTO NOM QTD_MOV          VAL_MOV         UNITARIO        QTD_FISICO       VAL_FINAN        VAL_CUSTO 
---------- -- --- ------------- --- ---------------- --------------- --------------- ---------------- --------------- ---------- 
22/09/2005 50 -          227656               28,000       16.548,00          555,00           58,000       32.190,00      15540 
22/09/2005 50 -          227657               28,000       16.548,00          555,00           30,000       16.650,00      15540 
22/09/2005 50 -          227676               30,000       17.730,00            0,00            0,000            0,00      16650 
23/09/2005  1 +          159685 1             30,000       16.650,00          555,00           30,000       16.650,00      16650 
23/09/2005  1 +          159688 1             30,000       16.650,00          555,00           60,000       33.300,00      16650 
23/09/2005  1 +          159697 1             28,000       15.540,00          555,00           88,000       48.840,00      15540 
23/09/2005  1 +          159700 1             28,000       15.540,00          555,00          116,000       64.380,00      15540 
23/09/2005 50 -          227858               15,000        8.865,00          555,00          101,000       56.055,00       8325 
23/09/2005 54 -          227859               15,000        8.325,00          555,00           86,000       47.730,00       8325 
23/09/2005 50 -          227862               30,000       17.730,00          555,00           56,000       31.080,00      16650 
23/09/2005 50 -          227883               12,000        7.092,00          555,00           44,000       24.420,00       6660 
23/09/2005 50 -          227884               14,000        8.274,00          555,00           30,000       16.650,00       7770 
23/09/2005 50 -          227885                2,000        1.182,00          555,00           28,000       15.540,00       1110 
23/09/2005 54 -          227891               28,000       15.540,00            0,00            0,000            0,00      15540 
26/09/2005  1 +          159862 1              6,000        3.330,00          555,00            6,000        3.330,00       3330 
26/09/2005  1 +          159863 1              9,000        4.995,00          555,00           15,000        8.325,00       4995 
26/09/2005 50 -          228189               15,000        8.865,00            0,00            0,000            0,00       8325 
27/09/2005  1 +          160040 1             30,000       16.650,00          555,00           30,000       16.650,00      16650 
27/09/2005 50 -          228410               30,000       17.730,00            0,00            0,000            0,00      16650 
03/10/2005  1 +          160446 1             28,000       15.540,00          555,00           28,000       15.540,00      15540 
03/10/2005  1 +          160456 1             30,000       16.650,00          555,00           58,000       32.190,00      16650 

DAT_MOV1   NF SIT NUM_DOCUMENTO NOM QTD_MOV          VAL_MOV         UNITARIO        QTD_FISICO       VAL_FINAN        VAL_CUSTO 
---------- -- --- ------------- --- ---------------- --------------- --------------- ---------------- --------------- ---------- 
03/10/2005  1 +          160457 1             30,000       16.650,00          555,00           88,000       48.840,00      16650 
03/10/2005  1 +          160464 1             28,000       15.540,00          555,00          116,000       64.380,00      15540 
03/10/2005  1 +          160666 1             15,000        8.325,00          555,00          131,000       72.705,00       8325 
03/10/2005 50 -          228865               30,000       17.730,00          555,00          101,000       56.055,00      16650 
03/10/2005 50 -          228866               30,000       17.730,00          555,00           71,000       39.405,00      16650 
03/10/2005 50 -          228869               17,500       10.342,50          555,00           53,500       29.692,50     9712,5 
03/10/2005 50 -          228870                2,500        1.477,50          555,00           51,000       28.305,00     1387,5 
03/10/2005 50 -          228871                8,000        4.728,00          555,00           43,000       23.865,00       4440 
03/10/2005 50 -          228874                8,000        4.728,00          555,00           35,000       19.425,00       4440 
03/10/2005 50 -          228875               20,000       11.820,00          555,00           15,000        8.325,00      11100 
03/10/2005 50 -          228899                1,000          532,00          555,00           14,000        7.770,00        555 
03/10/2005 50 -          228901                4,000        2.364,00          555,00           10,000        5.550,00       2220 
03/10/2005 50 -          228902               10,000        5.910,00            0,00            0,000            0,00       5550 
04/10/2005  1 +          160850 1             28,000       15.540,00          555,00           28,000       15.540,00      15540 
04/10/2005 50 -          229035               28,000       16.548,00            0,00            0,000            0,00      15540 
05/10/2005  1 +          160855 1             21,000       11.655,00          555,00           21,000       11.655,00      11655 
05/10/2005  1 +          160856 1              7,000        3.885,00          555,00           28,000       15.540,00       3885 
05/10/2005 50 -          229120               21,000       12.411,00          555,00            7,000        3.885,00      11655 
05/10/2005 50 -          229121                7,000        4.137,00            0,00            0,000            0,00       3885 
14/10/2005  1 +           53908 2             10,000        5.480,00          548,00           10,000        5.480,00       5480 
14/10/2005  1 +          162121 1             28,000       15.344,00          548,00           38,000       20.824,00      15344 

DAT_MOV1   NF SIT NUM_DOCUMENTO NOM QTD_MOV          VAL_MOV         UNITARIO        QTD_FISICO       VAL_FINAN        VAL_CUSTO 
---------- -- --- ------------- --- ---------------- --------------- --------------- ---------------- --------------- ---------- 
14/10/2005 50 -          229916               28,000       16.548,00          548,00           10,000        5.480,00      15344 
14/10/2005 50 -          230003               10,000        5.910,00            0,00            0,000            0,00       5480 
17/10/2005  1 +          162141 1             15,000        8.220,00          548,00           15,000        8.220,00       8220 
17/10/2005  1 +          162142 1             15,000        8.220,00          548,00           30,000       16.440,00       8220 
17/10/2005  1 +          162160 1             15,000        8.220,00          548,00           45,000       24.660,00       8220 
17/10/2005  1 +          162197 1             15,000        8.220,00          548,00           60,000       32.880,00       8220 
17/10/2005  1 +          162261 1             15,000        8.220,00          548,00           75,000       41.100,00       8220 
17/10/2005  1 +          162304 1             28,000       15.344,00          548,00          103,000       56.444,00      15344 
17/10/2005 50 -          230117               15,000        8.865,00          548,00           88,000       48.224,00       8220 
17/10/2005 50 -          230118               15,000        8.865,00          548,00           73,000       40.004,00       8220 
17/10/2005 50 -          230119               15,000        8.865,00          548,00           58,000       31.784,00       8220 
17/10/2005 50 -          230120               15,000        8.865,00          548,00           43,000       23.564,00       8220 
17/10/2005 50 -          230146               28,000       16.548,00          548,00           15,000        8.220,00      15344 
17/10/2005 50 -          230154               10,000        5.910,00          548,00            5,000        2.740,00       5480 
17/10/2005 50 -          230156                5,000        2.955,00            0,00            0,000            0,00       2740 
15/02/2006  2 +          661426 2              0,000          207,57          207,57            0,000          207,57     207,57 